0 0
500 26611
1000 54686
1500 84097
2000 116180
2500 151256
3000 190372
3500 234270
4000 315227
4500 340704
5000 365406
5500 390101
6000 420986
6500 452238
7000 485338
7500 513305
8000 541293
8500 569022
9000 602961
9500 635267
10000 666173
10500 695335
11000 724920
11500 753047
12000 783137
12500 815296
13000 847183
13500 878136
14000 914366
14500 946470
15000 976683
15500 1008739
16000 1039656
16500 1072967
17000 1105881
17500 1137469
18000 1169240
18500 1199167
19000 1230809
19500 1264255
20000 1296338
20500 1328240
21000 1359627
21500 1391135
22000 1423651
22500 1455658
23000 1487483
23500 1518625
24000 1550135
24500 1583635
25000 1615015
25500 1646230
26000 1677366
26500 1708901
27000 1739742
27500 1780792
28000 1813356
28500 1849222
29000 1879750
29500 1910701
30000 1944944
30500 2229685
31000 3364199
31500 5448926
32000 8372921
32500 12117243
33000 16789773
33500 22391859
34000 28851845
34500 36220891
35000 44504246
35500 53768755
36000 63917393
36500 75115080
37000 87281128
37500 100406876
38000 100691486
38500 101856599
39000 104015104
39500 107013461
40000 110867603
40500 115698916
41000 121443991
41500 128175076
42000 135816917
42500 144442661
43000 154191222
43500 164873671
44000 176486554
44500 189096614
45000 202706087
45500 244761179
46000 292755730
46500 341262915
47000 387362953
47500 435720811
48000 486330815
48500 536836250
49000 588127732
49500 637222383
50000 691320175
50500 743649383
51000 801884512
51500 856579001
52000 910477360
52500 968095494
53000 1021592704
53500 1079078361
54000 1139423091
54500 1197287932
55000 1253547965
55500 1311528117
56000 1369572827
56500 1427325902
57000 1485602716
57500 1541760375
58000 1600059697
58500 1658712742
59000 1714346687
59500 1771772201
60000 1830306120
