0 0
500 122443
1000 262753
1500 425895
2000 592617
2500 769950
3000 955990
3500 1199330
4000 1407163
4500 1614858
5000 1828518
5500 2039062
6000 2249053
6500 2469868
7000 2692147
7500 2915891
8000 3143019
8500 3377529
9000 3612149
9500 3847314
10000 4085814
10500 4324586
11000 4568769
11500 4812349
12000 5054402
12500 5314314
13000 5572179
13500 5822155
14000 6069480
14500 6321161
15000 6577711
15500 6833238
16000 7087783
16500 7344308
17000 7604080
17500 7866944
18000 8131013
18500 8393209
19000 8665865
19500 8927987
20000 9253834
20500 9527006
21000 9802861
21500 10070187
22000 10339085
22500 10612656
23000 10884073
23500 11158059
24000 11431098
24500 11703066
25000 11979567
25500 12260350
26000 12535223
26500 12812913
27000 13093951
27500 13391117
28000 13676577
28500 13957414
29000 14243875
29500 14529961
30000 14814207
30500 15098336
31000 15385101
31500 15670099
32000 15960777
32500 16249088
33000 16537450
33500 16827287
34000 17120108
34500 17469576
35000 17769424
35500 18061368
36000 18358110
36500 18653158
37000 18952384
37500 19246029
38000 19543113
38500 19838681
39000 20139375
39500 20438368
40000 20741831
40500 20846660
41000 20945669
41500 21045697
42000 21144390
42500 21255912
43000 21363279
43500 21464299
44000 21564020
44500 21662740
45000 21763181
45500 21863234
46000 21963109
46500 22062050
47000 22161260
47500 22259469
48000 22358797
48500 22458091
49000 22556755
49500 22656054
50000 22754797
50500 22853554
51000 22953013
51500 23052800
52000 23152089
52500 23251739
53000 23351121
53500 23451040
54000 23550759
54500 23650409
55000 23750243
55500 23851752
56000 23951294
56500 24051315
57000 24151023
57500 24250596
58000 24351192
58500 24451026
59000 24550822
59500 24649598
60000 24749299
60500 24847537
61000 24947961
61500 25046770
62000 25203778
62500 25313220
63000 25414882
63500 25513815
64000 25614973
64500 25714226
65000 25813017
65500 25914120
66000 26014507
66500 26114008
67000 26212856
67500 26312375
68000 26409605
68500 26510264
69000 26607781
69500 26706867
70000 26804727
70500 26904843
71000 27004218
71500 27104163
72000 27204521
72500 27304847
73000 27403163
73500 27503094
74000 27602886
74500 27701260
75000 27802244
75500 27902058
76000 28001108
76500 28101420
77000 28199722
77500 28299400
78000 28399097
78500 28497278
79000 28596182
79500 28696487
80000 28795813
80500 29004162
81000 29222565
81500 29431955
82000 29636504
82500 29839394
83000 30041116
83500 30244278
84000 30446335
84500 30651063
85000 30853396
85500 31056895
86000 31258655
86500 31458284
87000 31657931
87500 31857898
88000 32055978
88500 32255874
89000 32455158
89500 32653714
90000 32853215
90500 33051694
91000 33309540
91500 33511945
92000 33708291
92500 33903572
93000 34100128
93500 34294043
94000 34486936
94500 34681926
95000 34874633
95500 35068048
96000 35260122
96500 35452647
97000 35643637
97500 35836416
98000 36027314
98500 36216254
99000 36406848
99500 36593967
100000 36780273
100500 36967399
101000 37155805
101500 37363009
102000 37552771
102500 37738689
103000 37922454
103500 38105163
104000 38287286
104500 38468600
105000 38648863
105500 38829049
106000 39006847
106500 39184538
107000 39360455
107500 39535383
108000 39712579
108500 39886029
109000 40059160
109500 40230471
110000 40398860
110500 40568309
111000 40735031
111500 40899379
112000 41063842
112500 41234925
113000 41399309
113500 41561122
114000 41719430
114500 41874917
115000 42029478
115500 42179612
116000 42331312
116500 42478498
117000 42623366
117500 42764019
118000 42901374
118500 43034541
119000 43160608
119500 43278376
120000 43376012
