0 0
500 118474
1000 227844
1500 343054
2000 465468
2500 591448
3000 720724
3500 854127
4000 992265
4500 1131604
5000 1273007
5500 1415946
6000 1564901
6500 1714831
7000 1867031
7500 2022147
8000 2178101
8500 2351821
9000 2521301
9500 2688037
10000 2852911
10500 3021011
11000 3190921
11500 3361223
12000 3538377
12500 3711654
13000 3885976
13500 4061776
14000 4239680
14500 4417359
15000 4595882
15500 4778183
16000 4960028
16500 5143293
17000 5330507
17500 5517964
18000 5706533
18500 5892598
19000 6081640
19500 6275356
20000 6475372
20500 6666849
21000 6861079
21500 7055006
22000 7248693
22500 7443524
23000 7638498
23500 7836100
24000 8032363
24500 8229335
25000 8428567
25500 8627807
26000 8826473
26500 9025412
27000 9226097
27500 9427853
28000 9630390
28500 9837902
29000 10044026
29500 10253130
30000 10466046
30500 10677228
31000 10885568
31500 11096379
32000 11302766
32500 11514958
33000 11726315
33500 11938215
34000 12147914
34500 12359382
35000 12569376
35500 12778421
36000 12993552
36500 13206904
37000 13417666
37500 13632857
38000 13846964
38500 14063394
39000 14282998
39500 14503921
40000 14721841
40500 14838854
41000 14954456
41500 15071310
42000 15186859
42500 15304114
43000 15419034
43500 15534922
44000 15654308
44500 15771427
45000 15887720
45500 16004121
46000 16122019
46500 16239005
47000 16355256
47500 16469466
48000 16585631
48500 16700023
49000 16820075
49500 16934764
50000 17053065
50500 17171471
51000 17289880
51500 17406433
52000 17521593
52500 17638193
53000 17758118
53500 17873332
54000 17989930
54500 18106147
55000 18221797
55500 18345887
56000 18465459
56500 18581592
57000 18696519
57500 18812497
58000 18927145
58500 19044854
59000 19164410
59500 19282011
60000 19399146
60500 19515632
61000 19632237
61500 19748721
62000 19864331
62500 19980586
63000 20097653
63500 20213493
64000 20326102
64500 20442911
65000 20560931
65500 20676521
66000 20789566
66500 20907085
67000 21023946
67500 21141918
68000 21259816
68500 21376682
69000 21492483
69500 21610217
70000 21727116
70500 21844745
71000 21961838
71500 22079227
72000 22196092
72500 22321610
73000 22441036
73500 22559320
74000 22677162
74500 22795757
75000 22910337
75500 23028217
76000 23142655
76500 23257912
77000 23373186
77500 23486285
78000 23602287
78500 23720559
79000 23837106
79500 23954054
80000 24070469
80500 24188430
81000 24304889
81500 24423273
82000 24541005
82500 24657469
83000 24774821
83500 24890465
84000 25006039
84500 25124831
85000 25240017
85500 25355927
86000 25472606
86500 25587946
87000 25705305
87500 25819942
88000 25937295
88500 26054205
89000 26168378
89500 26288855
90000 26408832
90500 26523379
91000 26639930
91500 26754732
92000 26868171
92500 26981488
93000 27095476
93500 27210925
94000 27325689
94500 27439642
95000 27555089
95500 27669114
96000 27782745
96500 27899995
97000 28017796
97500 28131420
98000 28246372
98500 28361783
99000 28475670
99500 28591208
100000 28703431
100500 28816528
101000 28928679
101500 29041385
102000 29156025
102500 29267930
103000 29380704
103500 29492166
104000 29602988
104500 29716552
105000 29828725
105500 29939232
106000 30049377
106500 30159854
107000 30274810
107500 30388837
108000 30497608
108500 30606968
109000 30716134
109500 30821123
110000 30926942
110500 31033774
111000 31139080
111500 31245796
112000 31351629
112500 31456028
113000 31561793
113500 31665639
114000 31766563
114500 31868838
115000 31970912
115500 32071934
116000 32170593
116500 32270488
117000 32369518
117500 32465283
118000 32560152
118500 32653557
119000 32746649
119500 32837250
120000 32924852
