0 0
500 58746
1000 97407
1500 128521
2000 159800
2500 191011
3000 223029
3500 254163
4000 285688
4500 317049
5000 348044
5500 379952
6000 410998
6500 442068
7000 474991
7500 507420
8000 539299
8500 571825
9000 604130
9500 636231
10000 668994
10500 702781
11000 735827
11500 768706
12000 802297
12500 836428
13000 869503
13500 903207
14000 937710
14500 971342
15000 1005693
15500 1039631
16000 1073265
16500 1107508
17000 1142771
17500 1176808
18000 1211115
18500 1245867
19000 1281240
19500 1316028
20000 1350694
20500 1384955
21000 1419584
21500 1454439
22000 1489422
22500 1533546
23000 1580495
23500 1625204
24000 1668741
24500 1713521
25000 1760892
25500 1807860
26000 1851808
26500 1895156
27000 1939750
27500 1984068
28000 2033674
28500 2078198
29000 2121462
29500 2166115
30000 2210127
30500 2259435
31000 2304498
31500 2349319
32000 2393557
32500 2436145
33000 2480880
33500 2529905
34000 2576303
34500 2620955
35000 2666131
35500 2710046
36000 2755718
36500 2802607
37000 2847830
37500 2892684
38000 2936620
38500 2983937
39000 3030665
39500 3074548
40000 3119865
40500 3159426
41000 3197963
41500 3236006
42000 3275735
42500 3314284
43000 3352030
43500 3399090
44000 3438782
44500 3476859
45000 3515484
45500 3553492
46000 3590493
46500 3629224
47000 3667390
47500 3706522
48000 3744811
48500 3782477
49000 3819857
49500 3857404
50000 3894462
50500 3932337
51000 3969528
51500 4007889
52000 4046349
52500 4083304
53000 4120892
53500 4157874
54000 4195358
54500 4233693
55000 4270258
55500 4308834
56000 4347294
56500 4385243
57000 4423333
57500 4460629
58000 4498439
58500 4535737
59000 4574454
59500 4610870
60000 4648560
60500 4685280
61000 4722922
61500 4761242
62000 4800832
62500 4839170
63000 4876526
63500 4914970
64000 4953923
64500 4991879
65000 5028639
65500 5064600
66000 5103603
66500 5140064
67000 5177222
67500 5213691
68000 5249563
68500 5286601
69000 5322774
69500 5359293
70000 5396677
70500 5432836
71000 5470320
71500 5507506
72000 5544309
72500 5579763
73000 5618225
73500 5655753
74000 5692518
74500 5729394
75000 5765602
75500 5802843
76000 5840628
76500 5879200
77000 5917898
77500 5955779
78000 5994051
78500 6030021
79000 6068082
79500 6106330
80000 6143543
80500 6197082
81000 6250371
81500 6303719
82000 6357033
82500 6411136
83000 6463270
83500 6514943
84000 6566745
84500 6617087
85000 6667682
85500 6717883
86000 6768438
86500 6819415
87000 6868825
87500 6917272
88000 6966281
88500 7015296
89000 7062858
89500 7109536
90000 7156390
90500 7204714
91000 7250356
91500 7298222
92000 7343669
92500 7395139
93000 7443420
93500 7488560
94000 7532143
94500 7575689
95000 7619230
95500 7661583
96000 7703891
96500 7746200
97000 7788124
97500 7830094
98000 7872103
98500 7913761
99000 7956212
99500 7996702
100000 8036407
100500 8076732
101000 8116159
101500 8155612
102000 8194653
102500 8232737
103000 8270193
103500 8307967
104000 8346842
104500 8384494
105000 8421445
105500 8457971
106000 8493758
106500 8529557
107000 8565198
107500 8599856
108000 8635186
108500 8670167
109000 8704642
109500 8738804
110000 8771721
110500 8804328
111000 8836588
111500 8868197
112000 8899121
112500 8930765
113000 8961658
113500 8991846
114000 9021315
114500 9051022
115000 9079583
115500 9107750
116000 9135392
116500 9163326
117000 9190840
117500 9217076
118000 9243112
118500 9268673
119000 9293633
119500 9318097
120000 9342274
