0 0
500 20479
1000 39528
1500 58788
2000 66198
2500 77235
3000 83963
3500 90631
4000 97166
4500 112891
5000 121464
5500 129114
6000 135791
6500 142306
7000 148893
7500 155478
8000 162053
8500 206104
9000 218836
9500 228308
10000 237530
10500 246828
11000 256013
11500 265118
12000 274205
12500 284035
13000 293224
13500 302215
14000 311160
14500 320132
15000 329110
15500 338295
16000 347906
16500 465676
17000 476122
17500 485242
18000 494980
18500 504029
19000 513053
19500 522088
20000 531203
20500 540185
21000 549387
21500 559290
22000 568561
22500 577550
23000 586693
23500 595600
24000 604534
24500 613480
25000 623234
25500 632442
26000 641547
26500 650680
27000 659837
27500 668018
28000 677600
28500 687819
29000 697126
29500 706380
30000 715750
30500 757003
31000 793193
31500 830377
32000 866990
32500 901102
33000 934895
33500 968463
34000 1003466
34500 1037059
35000 1070277
35500 1102383
36000 1135501
36500 1168114
37000 1200495
37500 1232964
38000 1265367
38500 1297194
39000 1329217
39500 1362073
40000 1393757
40500 1427061
41000 1460342
41500 1494342
42000 1527187
42500 1560584
43000 1594897
43500 1631270
44000 1669017
44500 1704678
45000 1744154
45500 21204754
46000 41310098
46500 61238559
47000 79024431
47500 96823738
48000 114398961
48500 131692012
49000 147614739
49500 163760100
50000 179133402
50500 194564545
51000 209859106
51500 224482376
52000 238694217
52500 252765771
53000 266262019
53500 278714603
54000 291673793
54500 305148900
55000 317273284
55500 329034964
56000 340504121
56500 351916828
57000 362477990
57500 373292053
58000 384022582
58500 394304241
59000 404726820
59500 414343771
60000 423969472
