0 0
500 282763
1000 362259
1500 494766
2000 516234
2500 533685
3000 753165
3500 773077
4000 790388
4500 807599
5000 824877
5500 1248795
6000 1269169
6500 1286424
7000 1303612
7500 1320807
8000 1337973
8500 1355178
9000 1372559
9500 1389890
10000 1407118
10500 1424388
11000 2254791
11500 2275781
12000 2293269
12500 2310691
13000 2328002
13500 2345150
14000 2363034
14500 2380597
15000 2397898
15500 2415102
16000 2432185
16500 2449377
17000 2466557
17500 2483800
18000 2501043
18500 2518305
19000 2535471
19500 2552656
20000 2569824
20500 2587035
21000 2604203
21500 2621268
22000 4324511
22500 4347407
23000 4373658
23500 4391626
24000 4409007
24500 4426393
25000 4443604
25500 4460896
26000 4478131
26500 4495366
27000 4512581
27500 4529738
28000 4547057
28500 4564276
29000 4581438
29500 4598577
30000 4615742
30500 4631385
31000 4647179
31500 4663841
32000 4679574
32500 4695226
33000 4711004
33500 4726539
34000 4742137
34500 4757688
35000 4773332
35500 4788827
36000 4804292
36500 4819881
37000 4835455
37500 4851014
38000 4866431
38500 4881963
39000 4897598
39500 4913016
40000 4928480
40500 4943903
41000 4959384
41500 4974998
42000 4990414
42500 5005954
43000 5021372
43500 5036885
44000 5052413
44500 5067917
45000 5083381
45500 5099376
46000 5115489
46500 5131481
47000 5147886
47500 5164442
48000 5181121
48500 5197832
49000 5215033
49500 5231851
50000 5249612
50500 5266839
51000 5284799
51500 5302986
52000 5321087
52500 5340154
53000 5358783
53500 5377769
54000 5397256
54500 5416039
55000 5435061
55500 5454699
56000 5474345
56500 5494064
57000 5513729
57500 5533359
58000 5553672
58500 5574053
59000 5593868
59500 5614352
60000 5635239
