0 0
500 205020
1000 239134
1500 270519
2000 301609
2500 332661
3000 363986
3500 394923
4000 425901
4500 456808
5000 487666
5500 529262
6000 571332
6500 613049
7000 654823
7500 696395
8000 732431
8500 765336
9000 798449
9500 831549
10000 864874
10500 898131
11000 931350
11500 964680
12000 998859
12500 1034815
13000 1069771
13500 1109496
14000 1147051
14500 1184266
15000 1220183
15500 1259690
16000 1296445
16500 1333967
17000 1370699
17500 1406782
18000 1443406
18500 1481068
19000 1520967
19500 1557596
20000 1593690
20500 1629179
21000 1666479
21500 1705800
22000 1741926
22500 1793626
23000 1834738
23500 1871293
24000 1908813
24500 1948031
25000 1984858
25500 2020898
26000 2056536
26500 2094353
27000 2132904
27500 2168624
28000 2204826
28500 2240830
29000 2277434
29500 2317418
30000 2354238
30500 2367256
31000 2380071
31500 2392831
32000 2405631
32500 2418510
33000 2431319
33500 2444114
34000 2456831
34500 2469574
35000 2482342
35500 2495182
36000 2507935
36500 2520771
37000 2533500
37500 2546289
38000 2559046
38500 2571814
39000 2584582
39500 2597399
40000 2610278
40500 2623101
41000 2635946
41500 2649105
42000 2662793
42500 2675613
43000 2688446
43500 2701350
44000 2714096
44500 2726933
45000 2739754
45500 3577789
46000 3776683
46500 3972476
47000 4165822
47500 4358500
48000 4552674
48500 4748668
49000 4941167
49500 5134363
50000 5328211
50500 5523871
51000 5721780
51500 5919504
52000 6109955
52500 6298506
53000 6490279
53500 6677238
54000 6862676
54500 7051015
55000 7236460
55500 7421223
56000 7605660
56500 7787870
57000 7969504
57500 8154421
58000 8333742
58500 8516148
59000 8697855
59500 8878122
60000 9058339
